80
7849.04 2097.03
4941.14 5573.44
-2603.33 -50.48
-9652.18 -6159.25
-782.48 489.14
-7672.66 -8693.82
-963.56 8107.19
2204.23 2765.48
-8716.4 -4699.89
-8491.51 -4179.87
7701.76 9913.32
7406.25 1746.71
-241.77 -1681.3
-9047.89 -7703.62
-3584.8 -8584.19
-8990.12 -8744.32
7852.89 -5585.65
-9104.03 7184.32
-1553.94 7905.2
6995.1 4071.81
9156.37 -4394.21
6162.46 3229.8
2468.22 -8320.46
-6335.29 7059.35
6639.34 -4729.05
3182.52 6676.58
-1513.76 5728.21
9519.32 6954.53
-4589.38 -9041.06
-5806.4 8706.76
1752.71 6286.1
-719.95 -3226.74
-2591.14 1757.93
9388.42 9081.91
-8191.43 9071.41
5631.55 -3438.54
2126.14 -3978.25
2552.92 -4728.41
9126.27 -8612.88
-7771.16 -6813.8
3230.04 4806.75
-1360.45 1310.92
-8978.85 -2149.96
-9934.74 -2708.76
2943.14 1604.72
-7900.98 -3363.33
-1368.56 -3611.7
7962.42 -6676.88
-139.73 -9632.12
-7871.08 3405.3
5413.04 1923.09
4308.49 -5206.01
8736.08 3146.35
4346.57 3347.46
2867.08 3953.99
-9565.72 9882.51
3186.7 3383.12
137.54 -7282.45
-5171.48 -7280.21
1281.3 2219.6
-6824.01 -851.72
9992.04 9935.23
-326.15 4689.26
-5471.47 8934.67
-1094.42 -8380.12
8520.48 -2987.58
-5239.02 5913.97
5921.58 -8132.54
-6276.54 -7789.63
947.27 -2490.68
-504.92 -5480.09
-8618.26 7057.99
7734.37 3740.74
-5641 8810.72
6857.48 2445.51
486.86 1443.44
-3333.27 3482.99
6422.54 1201.2
-3782.11 -2666.25
5388.84 4536.49
U 0	
