1000000
-4102.73 6362.29
-4935.06 7404.96
8618.87 6896.95
-5915.91 5306.62
6426.14 -6616.3
9017.08 -8695.22
-2159.09 2945.84
-6328.8 -4668.53
-8426.73 -2027.67
-4942.98 1594.04
-1009.68 6783.89
-9677.64 -711.93
5068.54 7889.12
-7656.21 -1061.16
-7201.11 -1552.88
-4974.02 6835.01
8305.81 2413.88
674.86 8938.54
-344.87 -6871.25
7927.18 -8238.3
-5553.62 2799.92
-8770.81 6606.99
8103.59 2439.36
-9351.17 -1605.35
4474.23 8132.63
-5611.36 7430.1
-3575.39 5587.3
-8319.69 -4956.61
5621.12 9530.52
4797.68 416.25
7524.96 -588.86
5874.38 -9845.77
2451.27 -6218.72
-9210.48 2592.71
8290.06 6743.69
-5056.93 -3978.04
4137.88 6154.81
6312.11 -4079.08
-7663.9 -681.3
-7318.78 6758.25
-2963.56 -1941.02
8430.51 -5594.16
-5681 -1412.34
-9972.28 -5132.93
5101.84 9955.36
5629.14 -9440.14
3339.31 -1606.62
-6500.06 -2893.82
9784.34 -4775.5
8582.55 923.16
-4902.76 5874.61
-5105.42 -5114.05
1639.6 -9492.3
-8729.11 -1742.2
2317.96 9417.9
8718.56 303.68
5219.19 -441.72
-1352.12 -7236.32
6120.56 1080.51
6340 9890.61
-7869.08 -3999.08
6480.07 5791.64
7265.15 -1879.5
7325.77 8278.85
-505.22 1290.4
94.62 7012.59
5992.1 5486.92
1558.05 -7251.72
-130.8 8381.42
1597.48 -4626.43
-3675.1 -747.98
229.96 -5554.41
-4380.52 -2409.58
5754.26 2613.81
6690.36 -4968.67
437.61 9401.05
-1307.72 1010.79
-1810.99 -4647.03
-7796.15 -5229.63
3902.37 5331.93
-5715.28 4966.25
2354.22 -6390.04
-918.94 -9814.66
7029.77 2432.03
-9127.62 5652.77
-3358.82 1811.57
6533.88 -1002.34
2061.11 -6641.58
-1058.95 5522.12
1702.76 7561.36
871.08 3464.53
1288.87 -131.75
-1107.38 445.36
-6041.92 7346.22
6517.96 3531.39
-499.23 -9129.84
-847.55 -8944.74
5080.95 -8150.06
2632.32 713.64
6882.47 1625.73
332.9 -4530.16
-3910.6 3052.32
-6083.57 -9033.61
5355.35 4570.99
2361.73 -318.15
3225.85 9359.74
-4005.36 -4109.6
8552.52 8742.79
522.24 3608.97
8107.39 -340.21
-5956.86 4076.38
-2343.17 216.98
224.86 6230.53
3160.27 -4521.76
8926.17 3224.82
3295.8 -7161.16
8621.22 -4350.09
7570.02 -3991.84
-8800.05 3407
-2045.09 5117.28
-7500.44 4379.62
-4065.09 -1727.69
-9149.12 8438.45
6608.13 2536.09
2318.65 -1830.85
2781.83 -2644.61
6548.41 8115.54
6836.09 -9453.52
3680.39 -8844.76
4974.12 1483.98
-4263.67 -9675.15
9074.58 -8017.71
1725.31 -9672.34
-9907.42 8366.58
4865.92 1905.12
-1073.16 -4350.04
-2575.32 -903.01
-3528.66 7747.7
3765.54 -2030.32
9520.77 8762.32
7174.76 -6516
2666.55 -9102.8
-2933.29 9066.88
-5936.08 6793.58
4590.15 -1876.92
-7825.16 5733.16
8187.06 8644.01
6497.94 9606.83
-2714.89 3627.42
2802.1 -1426.96
2018.59 -5861.59
577.91 -8725.82
8256.58 7746.79
-9143.26 5802.09
8420.03 -5361.53
-5643.13 -5562.02
-332.41 927.19
5621.9 31.7
4621.6 -9997.41
-501.05 3839.28
-4147.35 2743.22
7610.95 -6047.4
-3833.54 -4878.04
4385.37 8605.47
2758.49 4801.52
-1097.26 -9531.35
-5958.6 -6623.03
-399.83 3930.75
4785.96 8757.11
1424.98 -4675.17
-4132.31 -7356.32
-4385.11 -4585.13
6501.17 3784.61
-378.16 -9527.96
5847.92 5747.37
9871.76 1323.58
-366.66 -9238.06
8170.93 -5884.36
1843.21 3009.19
-2448.53 -2200.79
96.33 -5800.11
-7878.38 -3650.95
2257.91 -1625.22
-219.98 -4876.24
8042.69 3123.06
9422.88 -5569.33
-3437.81 8066.94
-7433.54 8077.4
6979.83 -1492.14
-3597.07 8763.22
-422.25 2758.82
-4458.5 7065.98
-8253.76 -8200.55
-9047.8 5580.56
-483.19 5377.92
5009.89 -8871.85
-6610.05 7003.09
-1003.86 3616.79
-634.39 -9715.24
1546.48 1779.36
6125.87 -9952.6
8882.21 -6425.27
-1382.89 -9773.77
-3076.89 -7683
1786.27 -179.74
2610.21 -789.7
605.47 7434.24
2701.85 8349.06
9621.11 3778.66
-3646.8 -6112.04
3818.39 2952.48
5438.76 386.23
-7544.04 -631.08
2129.48 -8144.26
-6932.11 4716.39
9282.71 -3143.04
5154.58 -2198.17
4391.65 -5140.22
4608.21 1662.01
-6694.6 1726.32
5382.07 7065.13
-8302.92 7041.62
1257.94 -7515.36
-2835.22 3410.42
-8578.64 -4062.3
4944.04 -1116.09
-2970.56 482.52
9932.29 9895.56
752.54 9719.78
-4689.74 -9807.66
-6365.01 4959.96
2183.72 2919.89
-4167.63 5729.69
8118.26 8992.05
-6690.37 -4779.8
-9488.11 5852.02
3717 -5832.39
2360.84 -8574.59
8225.28 -4712.02
8888.98 6001.03
5793.41 -6927.83
376.36 -7279.83
3044.85 -9414.46
-1233.34 1911.83
-7152.96 9470.41
6717.62 784.74
4895.46 -2040.66
-8367.33 -1154.07
9323.93 1015.86
-6467.5 8038.87
2845.47 -7372.52
-2811.31 1850.88
456.91 9342.29
-1417.31 1857.57
-9176.4 -7262.67
6760.9 7773.04
9135.13 88.82
9214.53 -2475.1
-2359.89 3985.83
-2435.39 -1003.84
-7647.64 6346.86
3798.1 -3481.47
-13.56 -1821.15
3647.36 -4557.44
5362.91 -9023.21
3863.77 4770.04
3349.13 8827.03
-5900.55 -9571.35
9346.12 2833.06
-5763.15 4069.18
-6614.63 4855.42
-7508.04 -3900.4
6421.7 -7708.37
9417.39 -7142.15
8074.62 -3630.11
-1452.41 367.88
6631.07 -3891.57
-1126.4 -6894.39
-4688.36 -279.96
8042.26 2516.95
-2256.22 -9213.51
-4965.71 -8192.15
-5317.45 7023.2
9376.47 7141.15
-5934.86 -1697.15
-2881.04 -4250.58
7413.92 -1580.73
5954.3 215.29
-9475.06 -8130.07
-3075.45 8284.61
-2497.39 -189.66
4801.28 -1718.87
-3124.39 7591.05
3003.69 -4769.48
-2311.67 -1752.98
-6365.37 4586.66
3070.56 1580.13
-5266.67 3442.02
5661.66 -3366.64
9235.04 1302.63
7586.43 -6233.17
7690.65 -7987.05
943.36 -8157.04
3704.64 -2631.6
3259.63 1742.06
7024.58 -1163.77
6527.91 2660.43
-9344.76 -7686.03
-4269.45 2743.28
9575.84 6752.17
4477.87 -1834.43
-6649.74 -6124.01
-8621.56 -3726.18
-233.92 -8995.57
4441.4 -1908.54
-6385.18 -6535.62
-9168.94 -2072.29
-2425.08 2710.59
7799.49 3296.54
8531.13 2107.77
-4283.33 3783.86
-2336.6 -2771.85
-7610.89 9150.7
2140.67 -1573.87
4508.74 8828.58
2934.57 -4362.89
2519.61 -5930.03
-8125.58 3087.09
-6543 -5653.01
-4523.38 6744.9
3434.35 6819.55
8030.81 -963.86
2595.31 -4078.28
3089.52 -6675.46
-429.89 -9760.48
6098.57 -9452.13
-5972.79 -2342.77
-7034.66 -3574.83
3203.26 -8003.74
-6730.04 2253.01
9461.49 3146.41
-877.63 9571.65
-8429.62 -1863.04
8281.75 -6944.2
-2615.94 4051.75
-238.87 -4756.55
9829.47 6895.18
-8573.72 -4230.84
-2676.27 4662.44
-1127.83 -6426.34
-2311.59 1833.9
2567.7 -3546.18
8148.89 -3276.1
1426.13 4403.52
5628.14 -812.11
9766.42 3640.7
89.98 -1860.01
6229.07 -6616.22
374.1 7192.7
-6045.82 1451.5
-5086.31 6482.73
8820.23 6806.81
4897.59 1026.55
-1795.5 3793.33
-9272.01 -5924.65
-6491.02 -6155.26
8127.21 -8615.42
7138.67 -5372.5
9580.64 -8003.3
-4279.22 4554.62
6264.73 4718.09
-1799.72 -7304.52
-8864.77 8175.34
7254.35 2911.94
-5742.56 -8041.54
-9925.91 5298.64
4016.98 2182.73
-6346.78 3870.89
-2179.38 2133.49
9644.83 -6006.99
-7886.99 6563.01
2333.93 -9565.45
2694.82 -6055.63
2987.42 -1070.51
9133.97 1777.58
8895.81 7972.48
689.39 -4712.94
9905.19 3032.12
8543.77 1839.82
-5652.86 -114.31
-5332.23 2451.16
418.39 1265.07
3728.06 -1081.41
-4920.98 -6307.89
5786.49 6932.92
9371.06 8797.66
-632.24 2113.87
3584.99 4177.05
-5405.94 549.15
-7693.62 -8685.41
5680.07 9835.05
-2597.09 1311.62
-2710.11 -9983.48
-5179.16 2443.92
-3701.38 9043.84
-5627.65 6135.85
-9771.81 -5823.96
-9743.01 -9344.4
-8843.93 -3132.05
-6390.77 -6517.49
7222.03 -9472.41
9397.35 -4.84
-4642.73 2247.57
1625.85 5189.99
5954.33 -8200.56
-4613.67 6454.73
-8073.67 -7907.2
7602.46 673.12
8138.72 -2230.78
-7119.92 8562.18
-660.4 3760.32
-6318.54 6917.45
-2878.82 2961.26
-2466.43 2540.78
-6201.88 4159.82
-5763.03 -2753.74
-7050.22 -757.09
5997.56 -4767.59
-1805.82 6697.43
1529.95 8897.15
-5030.77 -9848.01
1691.21 -403.89
-659.33 6034.51
-4092.67 2816.1
3989.42 -5813.99
1254.18 1032.46
-560.1 9976.56
8835.66 -267.58
-8843.06 6636.65
-9686.03 -3557.75
-2400.02 -1099.67
929.86 8078.26
5261.03 4748.07
3095.52 -3241.43
-3883.71 3972.15
-576.75 5800.14
8115.54 -208.67
-6131.93 2884.89
-4952.53 8712.41
7674.19 5293
-422.75 -3435
3284.76 7240.3
1582.18 8608.59
-509.92 7880.12
-9109.02 6019.22
314.87 1496.23
3845.42 3992.71
-6798.96 6296.89
-5071.16 7254.86
-3065.66 190.35
7959.91 -8639.27
-3465.35 5363.3
2161.05 2046.53
-8649.35 6782.77
-5206.59 -4912.69
-3952.14 141.3
2281.48 5630.44
3361.92 3188.44
2782.39 -1577.97
-2226.24 4381.74
6948.8 -9849.75
-6010.81 225.34
3283.24 -2571.43
108.74 -3087.35
-9807.84 8017.81
-6974.58 -9669.16
8982.21 553.1
3966.63 4468.57
-211.8 -9009.16
-5812.61 4362.55
-9282.15 3313.15
-9739.31 -4475.39
-5277.74 -4760.01
-2228.08 -9447.27
7482.96 5344.42
3374.82 -8377.08
-2574.86 -1633.42
-8671.79 9073.77
-100.84 6407.98
-6067.99 -3053.9
-300.4 -9809.88
-216.77 -7412.22
2496.09 -3769.3
29.1 -7658.06
-2641.19 2344.58
7215.85 -7739.03
4461.59 8604.01
-8234.84 -1013.67
4022.97 -3259.65
-7892.11 -4856.18
1699.46 5166.63
6096.92 2044.69
-212.49 4359.68
-8543.85 -5206.55
308.01 9473.46
3494.6 7384.62
87.68 7944.76
-4677.76 8048.17
-8868.64 -5395.2
-6364.3 7021.47
2327.03 -9767.07
7927.65 -348.8
8104.5 -3790.02
-8454.81 385.82
-6194.17 -9553.85
9104.58 8665.29
-4472 -487.9
3698.58 1490.09
-8068.7 73.54
-4237.39 5678.4
8026.82 -8502.33
-4985.95 5969.43
7858.44 -5136.67
3779.55 2832.69
-578.03 7163.97
257.94 -7880.58
-9768.81 -4675.66
2953.09 632.33
5817.14 -4792.58
872.33 9422.06
1199.62 -619.77
-5905.35 -4976.14
-2450.17 4296.53
-4897.72 3738.63
1088.64 1899.51
9560.97 -2285.19
4477.81 -7531.55
-2999.89 -3270.63
-8984.23 -8196.29
7695.41 3852.3
-3135.61 8815.97
6250.96 397.83
5446.67 -2938.09
2651.18 3086
4007.29 1827.12
9544.59 6420.8
-9164.52 1934.01
6950.37 -4367.91
-3683.19 -7940.66
8447.96 -4832.01
-8970.1 7624.69
-3863.05 8053.04
4371.44 2616.73
7270.88 -623.36
-3645.4 -4613.33
-6596.87 5020.43
8083.63 6811.34
8519.74 -5616.46
1999.5 -5010.19
-3476.81 -9408.86
9080.93 2361.09
5372.72 5017.46
-3962.47 7213.03
-7328.48 -6995.6
-4138.18 -4689.09
9382.8 -7201.12
6608.71 -9741.17
7770.4 -422.32
-4836.06 7593.99
-3616.56 -3503.87
17.8 9307.55
387.44 5389.83
9477.09 7895.95
7705.92 4536.37
-9646.32 -7900.96
-1489.26 709.67
-4000.96 1642.82
-7338.65 3337.29
1170.11 -2554.25
9698.26 -6234.03
712.52 -6956.34
-1429.54 7731.3
-6778.85 1493.74
-8226.56 6777.2
6880.92 2527.5
-2661.7 -5689.06
9531.64 -3864.78
5909.36 -6707.05
-5678.37 7923.44
-7588.63 -6733.12
-6663.12 9402.45
4171.94 -3074.28
-9870.53 637.23
8622.55 -2754.13
-9621.2 -6989.08
-5892.1 7931.94
3940.83 4671.71
-3385.11 -5461.53
8017.63 -4913.12
185.45 -8284.95
1425.15 2697.9
6263.94 7668.51
2332.84 824.57
3839.25 4166.36
-2129.31 8152.08
-7568.61 2576.64
1814.93 7140.1
9845.46 -8625.48
-6677.65 6950.97
-9480.72 -4543.52
3977.81 -9056.64
8712.36 -3235.05
-7929.31 -3676.29
-8199.57 3021.3
-524.71 455.55
8458.9 8382.19
3327.75 -853.42
7393.41 3920.06
-9635.11 -9195.95
2083.77 -706.66
3916.43 8322.93
-2932.69 -8998.53
4391.4 668.25
6862.93 6317.99
2477.84 -2772.25
-9187.65 -4033.51
2412.03 -1438.5
-9967.7 -5772.44
6528.57 9187.75
9544.85 -9567.86
-8874.78 723.61
-9308.98 5324.62
-2001.04 -7554.43
-2102.86 2207.72
-5601.68 1065.51
5603.42 8505.09
-6738.3 -1342.11
3821.33 6315.99
8747.44 1437.4
1036.04 -4194.13
1204.04 -3993.73
5790.7 632.94
-6018.95 1669.73
1371.18 -1156.15
7141.8 1356.02
-1087.35 -4366.44
-6251.25 9807.99
-1956.9 -5615.62
-2051.65 2339.22
-2355.23 -7580.45
-8578.04 -2819.96
-1320.51 3721.18
4836.04 -3923.41
-4103.69 9929.23
-5909.36 -1541.3
3468.81 3110.21
8864.55 8647.48
9861.41 5607.52
-6755.75 -1778.1
-5869.11 2704.48
3437.19 6041.08
-4826.55 7614.51
1300.59 -8444.24
2193.46 4141.82
1772.55 -3567.2
-8005.11 -3808.82
8933.73 -3076.89
-9659.95 -4301.1
-5588.96 -9175.51
6132.86 -7839.81
-8797.59 6160.9
6911.42 989.95
-6323.35 -0.14
1398.58 9423.75
9370.93 9854.03
-280.12 4022.49
-4173.14 3183.67
-7162.53 -7631.66
9276.28 2270.22
-7485.71 5216.19
-2503.54 2011.97
8979.63 7303.55
-7940.51 2460.36
-4794.22 -1574.38
9330.5 -460.6
9056.63 -3184.93
508.26 5485.16
-4336.87 8373.91
-3461.31 1360.45
7179.14 -5582.8
-3753.53 255.08
1048.58 -5375.78
-1329.77 5166.62
-1339.28 -9852.45
2754.05 2256.42
3524.31 -8842.74
5180.86 5307.2
-7890.91 6230.67
-2616.7 7664.4
-6679.9 4962.55
-645.89 -5625.55
5555.39 -5097.15
2982.75 3796.64
-2805.05 7752.4
4834.99 -6324.51
1554.19 -5032.17
6967.81 -1589.58
2797.41 -8028.01
5096.3 -8628.5
8452.85 274.9
-9768.32 -5692.82
3870.8 -4387.43
1706.15 -4798.04
-9910.3 8288.17
-1782.48 -708.43
3915.6 619.37
5851.8 -2413.44
-5788.68 -5470.28
-2462.69 -4193.23
9079 -8643.7
-1213.08 4214.27
-4978.51 -3103.94
-3743.49 5723.75
-8453.66 -354.97
9324.73 -678.97
5982.05 5266.88
6957.79 1860.21
3048.96 9507.22
8978.66 7349.4
-1991.52 5317.23
-8604.12 -480.9
-8914.28 -6003.76
6001.39 3434.69
-6935.82 -6138.66
-1337.36 -830.52
-3091.58 -6689.75
-8301.69 6041.29
-5871.92 -6112.17
-6629.8 8897.51
2918.55 5301.67
-9620.42 235.59
6068.06 -7690.66
5174.24 4209.14
7027.49 -1123.92
6313.88 -8630.03
-9543.06 -1232.6
1758.7 -8546.28
6024.1 -7677.09
-7788.77 8804
-4012.06 7145.65
6234.34 -3722.55
-8429.94 -3272.5
4323.06 -2578.01
-8241.63 -9970.07
-2225.84 7788.55
9045.52 -4150.04
-8443.66 778.39
-2898.3 -4027.96
-1699.36 -5850.89
-678.96 6656.04
1759.16 -418.91
7910.5 2629.99
-9080.04 -8329.77
-9042.06 9032.58
3284.85 7496.96
-3377.25 -1701.71
3532.7 -3349.49
2462.45 -5528.56
2401.95 6857.98
9087.71 644.71
-5114.5 -2759.51
3687.53 -8454.1
-4759.15 -6857.41
6378.01 4659.78
-1125.43 3305.66
7337.08 -2693.91
4994 -7707.75
9900.24 4678.64
-9910.12 -4215.32
-4891.4 9792.91
-28.89 -2871.87
7794.16 -5492.17
3271.72 5917.69
-9163.67 2492.4
508.47 1506.57
9595.2 -2269.61
6671.23 -7699.56
4108.07 4006.48
2617.25 5606.59
7254.78 6660.17
1337.62 4477.18
8852.61 -9343.29
1136.87 3500.15
-5181.46 5535.38
-1635.15 -1995.61
-6542.32 185.22
5949.77 7590.22
-3204.51 4743.56
7655.21 5679.13
-4899.81 -3735.74
-6163.66 -5159.8
-1040.68 7749.51
5749.86 -196.85
4439.72 2473.53
-3930.2 7525.89
2802.96 7419.98
5544.48 3930.79
3214.41 -9691.61
4689.97 6355.34
-3885.88 6502.12
-9323.98 3353.63
-4137.97 5435.18
-3654.04 -6910.08
-8439.86 -3412.91
-3950.75 -7166.91
-4097.2 3192.93
-5899.6 7609.44
-8996.17 2994.18
6912.98 1472.29
7856.45 7679.04
7056.24 -7786.09
4714.21 -9208.56
-9070.22 -4906.43
-5031.82 6140.88
2955.72 5448.9
3783.23 8809.92
-6181.8 6580.17
1685.29 -2368.2
6304.79 143.34
-9947.1 8526.06
1865.08 -2920.24
2790.69 -1098.24
-6673.47 -960.7
-1446.76 8191.32
-2016.41 -6343.71
-1471.38 3336.71
-6538.21 -7696.89
8366.7 1049.1
3367.26 4164.57
4066.85 -8794.5
4305.14 -6683.27
3676.98 -3160.58
-1932.8 -8550.32
3320.37 -3366.88
-3052.07 7726.47
-6965.07 5191.94
3998.19 1486.22
-9569.24 7069.27
-819.58 3427.83
-2417.7 -2937.39
4279.65 5345.22
-6168.53 3018.72
-9055.2 -3395.67
-3959.61 6515.61
-4116.45 -688.72
-7063.78 -4926.73
7186.59 8501.93
-139.6 -7872.84
9427.67 -1258.37
-2967.97 9460.46
-453.05 -9896.83
-2341.08 8749.58
-7533 -5554.62
-5877.38 -1868.46
2835.95 4956.59
-7543.81 3630.89
7610.18 8114.4
-2578.58 728.02
5469.03 6349.59
-4401.48 -4566.2
5022.07 -5105.35
-9642.08 3238.09
9029.61 -3947.52
4007.53 -6371.37
101.56 4154.59
-1420.89 -2404.66
-5994.59 1265.67
-7435.72 -2523.06
8541.01 4172.69
5103.34 5939.46
-1939.7 -5110.51
821.72 -429.95
9901.81 -7871.16
4664.51 2875.76
667.51 -1214.67
-3949.16 8594.17
-1155.39 -1591.09
-7701.54 9216.91
-4890.88 -6122.93
3834.47 6436.35
2825.62 7842.08
-864.21 1424.8
816.97 -4658.84
-7153.04 1345.65
3862.12 2773.13
2826.1 9120.42
8272.23 -2064.79
-3632.78 -5124.04
4591.72 4946.33
4051.38 6507.35
8731.95 -1032.52
-3258.65 -3071.49
3794.04 -9144.72
7805.98 -267.65
704.43 -6684.99
-7692.74 -11.97
-178.27 7282.83
3140.82 5959.24
-9790.36 7.22
-8509.82 837.33
-847.95 4609.06
-8829.82 -2329.2
-5171.5 -7756.59
-7583.36 0.33
25.9 -8006.3
-1939.31 -1959.82
-2430.19 -7987.63
-4424.98 -1450.23
1010.67 -1285.52
263.3 8126.82
6700.96 8328.21
-2782.71 6744.73
-6363.99 2084.53
-4058.14 1604.98
-7106.99 -2453.75
-5661.72 -1834.7
-4964.5 8428.49
-8980.22 7569.31
3461.81 9555.56
7576.97 9046.83
-9327.25 -9824.43
-9817.27 -5146.15
9969.79 -877.74
-3593.95 7812.65
-5223.3 1491.23
7749.09 9541.38
-9044.4 8614.58
9703.75 6606.58
389.19 -6544.53
8180.3 -9942.17
-185.6 -5853.75
-9504.72 5349.79
-2355.88 9853.94
5296.45 -7017.4
-3623.9 -818.89
3301.03 -6538.26
2241.53 -2733.86
414.77 4940.55
-5289.14 -5193.88
-3639.69 -5841.2
-1109.32 -1412.94
9809.77 -5366.45
4424.99 4585.9
-5799.95 -6712.09
9470.75 8961.13
3292.46 2769.06
-5088.97 8861.31
69.91 1304.72
5184.68 535.93
-2315.05 4885.74
6830.46 -5316.67
-8552.19 -7448.55
4787.79 8339.5
2072.64 7432.23
-3329.18 -1966.31
7092.94 5015.01
-1736.73 -7746.06
5269.86 9896.51
9094.45 -4688.39
-4444.9 -6505.22
9394.01 625.94
-2017.33 -701.23
-4631.63 -7524.42
6808.47 -4502.11
-617.24 -618.43
-4206.48 876.04
5682.1 -6357.02
3482.09 2050.76
-5804.02 8538.46
8695.94 -4029.29
-2279.77 3989.4
9543.18 9848.92
6988.96 7079.27
-7162.4 -5514.43
9421.76 9029.24
-3497.31 9104.37
9492.39 4344.57
-8329.17 2865.28
4769.9 6186.78
3035.42 4508.7
-106.82 5127.63
-1927.38 -2771.85
1416.56 -167.4
3902.89 8731.63
4715.89 4722.53
-412.68 3662.56
7752.24 -3982.44
6812.7 3601.48
-277.75 3748.24
-7144.24 -7622.46
U 0
